1 0.05234375 0.5645833333333333 0.08125 0.09027777777777778
1 0.298828125 0.4847222222222222 0.16796875 0.21944444444444444
1 0.577734375 0.6263888888888889 0.19140625 0.11666666666666667
1 0.37265625 0.6847222222222222 0.1953125 0.09722222222222222
1 0.40078125 0.5180555555555556 0.196875 0.19166666666666668
1 0.058984375 0.4361111111111111 0.08984375 0.06666666666666667
1 0.276953125 0.40694444444444444 0.13359375 0.1111111111111111
1 0.21171875 0.5763888888888888 0.09375 0.1638888888888889
1 0.47734375 0.5645833333333333 0.2109375 0.14583333333333334
1 0.047265625 0.49583333333333335 0.06328125 0.058333333333333334
