1 0.040625 0.2763888888888889 0.0515625 0.1361111111111111
1 0.670703125 0.21180555555555555 0.04609375 0.17916666666666667
1 0.432421875 0.8305555555555556 0.12578125 0.10833333333333334
1 0.6078125 0.19166666666666668 0.1046875 0.10833333333333334
1 0.06953125 0.6305555555555555 0.0546875 0.15
1 0.599609375 0.2833333333333333 0.12421875 0.1388888888888889
0 0.032421875 0.4875 0.06484375 0.20277777777777778
1 0.45546875 0.21180555555555555 0.096875 0.17083333333333334
1 0.55859375 0.4465277777777778 0.0765625 0.17916666666666667
1 0.670703125 0.9013888888888889 0.06953125 0.19444444444444445
1 0.3734375 0.17291666666666666 0.109375 0.12638888888888888
1 0.609765625 0.6347222222222222 0.12109375 0.1638888888888889
1 0.093359375 0.21944444444444444 0.04765625 0.14444444444444443
1 0.565234375 0.31666666666666665 0.08984375 0.07777777777777778
1 0.056640625 0.6486111111111111 0.03828125 0.12777777777777777
1 0.065625 0.4173611111111111 0.0390625 0.1486111111111111
1 0.616015625 0.5618055555555556 0.09609375 0.19027777777777777
1 0.648828125 0.5173611111111112 0.06015625 0.18194444444444444
1 0.040234375 0.42291666666666666 0.03515625 0.15694444444444444
1 0.02265625 0.6451388888888889 0.0390625 0.1375
1 0.55625 0.17291666666666666 0.0765625 0.12638888888888888
1 0.584765625 0.9506944444444444 0.11796875 0.09583333333333334
1 0.6828125 0.5819444444444445 0.0609375 0.225
0 0.4046875 0.5055555555555555 0.1671875 0.2916666666666667
1 0.69296875 0.7729166666666667 0.053125 0.1875
1 0.60625 0.1527777777777778 0.1140625 0.09444444444444444
1 0.675 0.3784722222222222 0.06875 0.22361111111111112
