1 0.569921875 0.8215277777777777 0.08359375 0.16527777777777777
1 0.07265625 0.6048611111111111 0.0375 0.16527777777777777
1 0.09453125 0.21666666666666667 0.04375 0.15
1 0.6734375 0.9 0.0671875 0.19722222222222222
1 0.4265625 0.6819444444444445 0.115625 0.09722222222222222
1 0.651171875 0.5229166666666667 0.05546875 0.18194444444444444
1 0.431640625 0.8298611111111112 0.12109375 0.10694444444444444
1 0.677734375 0.3770833333333333 0.05390625 0.21805555555555556
0 0.033203125 0.5041666666666667 0.06640625 0.2222222222222222
1 0.609375 0.19236111111111112 0.0953125 0.10416666666666667
1 0.6921875 0.76875 0.046875 0.1875
1 0.61953125 0.5680555555555555 0.096875 0.19166666666666668
1 0.563671875 0.43333333333333335 0.07421875 0.20555555555555555
1 0.04765625 0.26319444444444445 0.046875 0.1375
1 0.583203125 0.9520833333333333 0.11796875 0.09583333333333334
1 0.68984375 0.5777777777777777 0.046875 0.2222222222222222
1 0.584375 0.35625 0.1015625 0.13472222222222222
1 0.458984375 0.2152777777777778 0.08984375 0.1638888888888889
1 0.6046875 0.15694444444444444 0.10625 0.08055555555555556
1 0.557421875 0.17083333333333334 0.07578125 0.11388888888888889
1 0.087109375 0.3770833333333333 0.03984375 0.13194444444444445
1 0.371875 0.17847222222222223 0.1046875 0.1125
1 0.671875 0.21388888888888888 0.040625 0.16944444444444445
0 0.403125 0.5083333333333333 0.1625 0.2777777777777778
1 0.057421875 0.6444444444444445 0.03828125 0.14722222222222223
1 0.6015625 0.28055555555555556 0.1171875 0.1361111111111111
1 0.609375 0.6326388888888889 0.121875 0.16527777777777777
1 0.03515625 0.64375 0.03125 0.14305555555555555
