1 0.06796875 0.8118055555555556 0.065625 0.12361111111111112
1 0.440234375 0.8534722222222222 0.12265625 0.1125
1 0.458984375 0.2152777777777778 0.09140625 0.17222222222222222
1 0.373046875 0.17916666666666667 0.10859375 0.12222222222222222
1 0.5828125 0.9541666666666667 0.11875 0.08888888888888889
1 0.68359375 0.5881944444444445 0.0578125 0.2125
1 0.0484375 0.25 0.0546875 0.08888888888888889
1 0.690625 0.7722222222222223 0.0484375 0.18611111111111112
1 0.601171875 0.2826388888888889 0.12734375 0.12361111111111112
1 0.099609375 0.21319444444444444 0.05703125 0.1375
1 0.08125 0.32013888888888886 0.065625 0.14305555555555555
1 0.61171875 0.6451388888888889 0.1046875 0.16527777777777777
1 0.43203125 0.74375 0.0890625 0.12638888888888888
1 0.6265625 0.3590277777777778 0.0640625 0.12638888888888888
1 0.601171875 0.15694444444444444 0.10859375 0.08333333333333333
1 0.671875 0.9208333333333333 0.0703125 0.1527777777777778
1 0.669140625 0.21736111111111112 0.04765625 0.16805555555555557
1 0.67734375 0.3902777777777778 0.0625 0.20277777777777778
0 0.38828125 0.5229166666666667 0.1921875 0.2986111111111111
1 0.0453125 0.43472222222222223 0.04375 0.14722222222222223
1 0.557421875 0.4465277777777778 0.07421875 0.19305555555555556
