1 0.673046875 0.38680555555555557 0.06484375 0.20694444444444443
1 0.063671875 0.6215277777777778 0.05078125 0.16527777777777777
1 0.614453125 0.5673611111111111 0.09140625 0.1763888888888889
0 0.390625 0.5208333333333334 0.1828125 0.30277777777777776
1 0.411328125 0.7354166666666667 0.08671875 0.18194444444444444
1 0.607421875 0.6361111111111111 0.12109375 0.15833333333333333
1 0.3734375 0.17708333333333334 0.1015625 0.12638888888888888
1 0.063671875 0.4166666666666667 0.05078125 0.16111111111111112
1 0.096875 0.22430555555555556 0.0484375 0.15694444444444444
1 0.69140625 0.775 0.04375 0.2
1 0.604296875 0.19305555555555556 0.10859375 0.1111111111111111
1 0.6578125 0.21944444444444444 0.0609375 0.16111111111111112
1 0.601171875 0.15902777777777777 0.10546875 0.08472222222222223
1 0.430078125 0.8354166666666667 0.12265625 0.13194444444444445
1 0.6 0.28194444444444444 0.121875 0.125
0 0.041796875 0.5041666666666667 0.08203125 0.21666666666666667
1 0.683984375 0.5861111111111111 0.05078125 0.20277777777777778
1 0.648046875 0.5375 0.04921875 0.19722222222222222
1 0.0609375 0.7625 0.0625 0.08333333333333333
1 0.062109375 0.21458333333333332 0.06484375 0.1125
1 0.61484375 0.36319444444444443 0.065625 0.13472222222222222
