1 0.609375 0.19791666666666666 0.0984375 0.09861111111111111
1 0.6578125 0.21944444444444444 0.0609375 0.15555555555555556
1 0.062890625 0.6215277777777778 0.04921875 0.1763888888888889
1 0.4125 0.7368055555555556 0.0859375 0.18472222222222223
1 0.600390625 0.28402777777777777 0.11953125 0.12361111111111112
1 0.614453125 0.3645833333333333 0.06640625 0.13472222222222222
0 0.04296875 0.5118055555555555 0.0859375 0.2263888888888889
0 0.482421875 0.6743055555555556 0.00078125 0.001388888888888889
1 0.648046875 0.5375 0.05078125 0.19722222222222222
1 0.672265625 0.38472222222222224 0.06640625 0.20833333333333334
1 0.375390625 0.17569444444444443 0.11015625 0.12916666666666668
1 0.0734375 0.3125 0.0 0.0
1 0.600390625 0.16111111111111112 0.10390625 0.08888888888888889
1 0.0625 0.21458333333333332 0.06875 0.1125
0 0.391015625 0.5229166666666667 0.18359375 0.3125
1 0.615625 0.5673611111111111 0.090625 0.18194444444444444
1 0.68359375 0.5861111111111111 0.053125 0.20833333333333334
1 0.608984375 0.6347222222222222 0.11796875 0.15833333333333333
1 0.433984375 0.8368055555555556 0.11796875 0.12916666666666668
1 0.691015625 0.7736111111111111 0.04609375 0.20277777777777778
1 0.062890625 0.4173611111111111 0.05390625 0.1597222222222222
1 0.09609375 0.22430555555555556 0.0515625 0.1597222222222222
