1 0.432421875 0.7472222222222222 0.05234375 0.18333333333333332
1 0.610546875 0.19652777777777777 0.09765625 0.10138888888888889
1 0.05859375 0.6354166666666666 0.0640625 0.15138888888888888
0 0.4046875 0.5180555555555556 0.15625 0.3
1 0.439453125 0.8555555555555555 0.12265625 0.11666666666666667
1 0.6625 0.21666666666666667 0.0515625 0.1527777777777778
1 0.37265625 0.1736111111111111 0.1015625 0.125
1 0.6109375 0.6368055555555555 0.115625 0.1625
1 0.683984375 0.5805555555555556 0.05390625 0.225
1 0.599609375 0.2798611111111111 0.12265625 0.11527777777777778
1 0.6203125 0.36875 0.065625 0.15138888888888888
0 0.04453125 0.5090277777777777 0.0875 0.22916666666666666
1 0.691015625 0.7756944444444445 0.04453125 0.2013888888888889
1 0.0453125 0.43194444444444446 0.0359375 0.13333333333333333
1 0.67265625 0.3854166666666667 0.065625 0.2125
1 0.076953125 0.3819444444444444 0.06796875 0.10555555555555556
1 0.600390625 0.16111111111111112 0.10546875 0.08888888888888889
1 0.09609375 0.21666666666666667 0.0484375 0.16111111111111112
