1 0.425390625 0.7784722222222222 0.05390625 0.2263888888888889
1 0.075 0.40208333333333335 0.04375 0.1486111111111111
1 0.058203125 0.6388888888888888 0.08203125 0.1638888888888889
1 0.096875 0.225 0.053125 0.1638888888888889
1 0.692578125 0.7729166666666667 0.04296875 0.19583333333333333
1 0.648828125 0.5347222222222222 0.05234375 0.2
1 0.6015625 0.16180555555555556 0.103125 0.0875
1 0.6015625 0.2798611111111111 0.1234375 0.11527777777777778
1 0.620703125 0.3611111111111111 0.06171875 0.12777777777777777
1 0.440234375 0.8527777777777777 0.12265625 0.11666666666666667
0 0.404296875 0.5222222222222223 0.15703125 0.3138888888888889
1 0.615625 0.5645833333333333 0.09375 0.17916666666666667
1 0.684375 0.5881944444444445 0.0515625 0.20694444444444443
1 0.609765625 0.19444444444444445 0.09765625 0.10833333333333334
1 0.062109375 0.22013888888888888 0.07109375 0.10138888888888889
1 0.6734375 0.38680555555555557 0.065625 0.20972222222222223
1 0.663671875 0.21944444444444444 0.05390625 0.16666666666666666
1 0.6109375 0.6326388888888889 0.1171875 0.16805555555555557
1 0.37421875 0.17569444444444443 0.1078125 0.12638888888888888
0 0.04140625 0.5125 0.08125 0.225
1 0.344921875 0.37916666666666665 0.09453125 0.16666666666666666
