1 0.062109375 0.21805555555555556 0.06953125 0.10277777777777777
1 0.600390625 0.16111111111111112 0.10390625 0.08888888888888889
1 0.09609375 0.22916666666666666 0.05 0.15833333333333333
1 0.619921875 0.36041666666666666 0.06015625 0.12361111111111112
1 0.063671875 0.74375 0.04453125 0.09583333333333334
1 0.690625 0.7673611111111112 0.046875 0.19305555555555556
1 0.06875 0.39861111111111114 0.034375 0.15555555555555556
1 0.60546875 0.1909722222222222 0.103125 0.09861111111111111
1 0.648046875 0.5236111111111111 0.05390625 0.18611111111111112
1 0.615625 0.5666666666666667 0.0890625 0.17777777777777778
0 0.390234375 0.5236111111111111 0.18359375 0.3111111111111111
1 0.416796875 0.76875 0.05546875 0.20416666666666666
1 0.6015625 0.28055555555555556 0.11875 0.11666666666666667
1 0.37265625 0.175 0.103125 0.125
0 0.04140625 0.5083333333333333 0.0828125 0.225
1 0.659765625 0.22013888888888888 0.06015625 0.1597222222222222
1 0.671875 0.3840277777777778 0.0671875 0.20972222222222223
1 0.68125 0.5798611111111112 0.0578125 0.22361111111111112
1 0.0390625 0.8180555555555555 0.0734375 0.06944444444444445
1 0.60625 0.6347222222222222 0.125 0.16111111111111112
1 0.05625 0.6347222222222222 0.0671875 0.15555555555555556
1 0.440234375 0.8548611111111111 0.11796875 0.1125
1 0.04375 0.42916666666666664 0.03125 0.1361111111111111
