1 0.663671875 0.21875 0.05078125 0.16805555555555557
1 0.577734375 0.9513888888888888 0.12265625 0.09444444444444444
1 0.055078125 0.6395833333333333 0.04140625 0.14305555555555555
1 0.691796875 0.7701388888888889 0.04296875 0.18472222222222223
1 0.439453125 0.8368055555555556 0.13671875 0.11527777777777778
1 0.60078125 0.15763888888888888 0.1078125 0.08472222222222223
1 0.569921875 0.36180555555555555 0.10078125 0.12361111111111112
1 0.608203125 0.6416666666666667 0.11953125 0.17777777777777778
1 0.31640625 0.6590277777777778 0.1 0.12638888888888888
0 0.390234375 0.5173611111111112 0.18828125 0.30972222222222223
1 0.56953125 0.8354166666666667 0.0828125 0.20416666666666666
1 0.069921875 0.4909722222222222 0.05390625 0.14305555555555555
1 0.0453125 0.25277777777777777 0.0453125 0.09166666666666666
1 0.037890625 0.43194444444444446 0.03515625 0.13055555555555556
1 0.6828125 0.5868055555555556 0.0484375 0.21805555555555556
1 0.369140625 0.18194444444444444 0.11328125 0.11666666666666667
1 0.458984375 0.21458333333333332 0.08828125 0.1763888888888889
1 0.5984375 0.2875 0.125 0.13055555555555556
1 0.050390625 0.7625 0.04296875 0.1111111111111111
1 0.617578125 0.5708333333333333 0.09453125 0.2
1 0.670703125 0.38125 0.07421875 0.20972222222222223
1 0.094140625 0.21597222222222223 0.05390625 0.11805555555555555
1 0.674609375 0.9055555555555556 0.06484375 0.18611111111111112
