1 0.6109375 0.6347222222222222 0.1265625 0.1638888888888889
1 0.0796875 0.40694444444444444 0.05 0.15833333333333333
1 0.047265625 0.27291666666666664 0.04140625 0.14305555555555555
1 0.09140625 0.21666666666666667 0.0453125 0.15833333333333333
1 0.67734375 0.3784722222222222 0.0625 0.2152777777777778
1 0.652734375 0.5277777777777778 0.06484375 0.2111111111111111
1 0.075 0.5958333333333333 0.0375 0.16666666666666666
1 0.603515625 0.14930555555555555 0.10859375 0.0875
1 0.37265625 0.17430555555555555 0.103125 0.13194444444444445
0 0.031640625 0.4888888888888889 0.06171875 0.19444444444444445
1 0.433984375 0.8298611111111112 0.11953125 0.10972222222222222
1 0.608984375 0.2 0.09921875 0.1111111111111111
1 0.6859375 0.5847222222222223 0.0546875 0.2222222222222222
1 0.45859375 0.20902777777777778 0.0953125 0.1763888888888889
1 0.69296875 0.7715277777777778 0.05 0.17916666666666667
1 0.675390625 0.9027777777777778 0.06640625 0.19444444444444445
1 0.033203125 0.6381944444444444 0.03828125 0.15694444444444444
1 0.661328125 0.20972222222222223 0.06171875 0.1638888888888889
1 0.05390625 0.6409722222222223 0.0359375 0.15694444444444444
1 0.59765625 0.2791666666666667 0.134375 0.1361111111111111
1 0.569140625 0.8423611111111111 0.08671875 0.1986111111111111
1 0.04453125 0.42291666666666666 0.0296875 0.1486111111111111
1 0.584375 0.95 0.1171875 0.1
0 0.40234375 0.5104166666666666 0.1640625 0.2847222222222222
1 0.61484375 0.5625 0.09375 0.17777777777777778
1 0.56328125 0.44027777777777777 0.08125 0.18888888888888888
1 0.041015625 0.7694444444444445 0.06171875 0.1388888888888889
1 0.556640625 0.17083333333333334 0.07421875 0.1388888888888889
1 0.58203125 0.3451388888888889 0.1078125 0.12361111111111112
