1 0.371875 0.18194444444444444 0.1015625 0.1361111111111111
1 0.61015625 0.6388888888888888 0.1203125 0.16944444444444445
1 0.432421875 0.7506944444444444 0.10546875 0.11805555555555555
1 0.558203125 0.4479166666666667 0.07734375 0.1875
1 0.684765625 0.58125 0.05390625 0.2263888888888889
1 0.437890625 0.8569444444444444 0.13359375 0.12222222222222222
1 0.69140625 0.7756944444444445 0.05 0.19305555555555556
0 0.3921875 0.5270833333333333 0.1875 0.2902777777777778
1 0.673828125 0.9020833333333333 0.07265625 0.19305555555555556
1 0.66875 0.21736111111111112 0.0484375 0.16527777777777777
1 0.458984375 0.21736111111111112 0.08984375 0.1763888888888889
1 0.602734375 0.2777777777777778 0.12890625 0.09722222222222222
1 0.572265625 0.8388888888888889 0.09296875 0.2
1 0.6734375 0.3840277777777778 0.059375 0.22916666666666666
