0 0.4046875 0.5104166666666666 0.1578125 0.2902777777777778
1 0.673046875 0.3819444444444444 0.06484375 0.2111111111111111
1 0.04375 0.4201388888888889 0.03125 0.12638888888888888
1 0.432421875 0.8305555555555556 0.12734375 0.09444444444444444
1 0.65234375 0.5243055555555556 0.065625 0.20416666666666666
1 0.60859375 0.14583333333333334 0.109375 0.09166666666666666
1 0.598828125 0.28402777777777777 0.13203125 0.12638888888888888
1 0.58125 0.9527777777777777 0.1125 0.09166666666666666
1 0.0671875 0.4236111111111111 0.040625 0.14166666666666666
1 0.094140625 0.21875 0.04140625 0.1486111111111111
1 0.0296875 0.6416666666666667 0.0359375 0.13333333333333333
1 0.6859375 0.5881944444444445 0.0453125 0.20694444444444443
1 0.55625 0.1763888888888889 0.0734375 0.13333333333333333
1 0.054296875 0.6381944444444444 0.03515625 0.14305555555555555
1 0.62578125 0.56875 0.0875 0.18194444444444444
1 0.56015625 0.4423611111111111 0.075 0.1736111111111111
1 0.690234375 0.7590277777777777 0.04921875 0.17083333333333334
1 0.494921875 0.8354166666666667 0.03671875 0.19583333333333333
1 0.568359375 0.8354166666666667 0.08671875 0.20416666666666666
1 0.372265625 0.1736111111111111 0.10078125 0.10833333333333334
1 0.044921875 0.27847222222222223 0.04296875 0.1486111111111111
1 0.6078125 0.6375 0.115625 0.16944444444444445
1 0.064453125 0.6118055555555556 0.04765625 0.15694444444444444
1 0.608984375 0.1986111111111111 0.09765625 0.10277777777777777
1 0.66640625 0.20902777777777778 0.040625 0.1486111111111111
1 0.672265625 0.9069444444444444 0.06640625 0.18611111111111112
1 0.460546875 0.2152777777777778 0.08984375 0.1638888888888889
