1 0.57109375 0.8527777777777777 0.0828125 0.16944444444444445
1 0.603125 0.14791666666666667 0.1078125 0.09583333333333334
1 0.693359375 0.7743055555555556 0.04765625 0.16805555555555557
1 0.319140625 0.6583333333333333 0.08984375 0.11944444444444445
1 0.372265625 0.17847222222222223 0.10234375 0.11527777777777778
1 0.43671875 0.8319444444444445 0.1265625 0.11388888888888889
1 0.0546875 0.6395833333333333 0.03125 0.1375
1 0.6109375 0.6423611111111112 0.1125 0.15416666666666667
1 0.06953125 0.40694444444444444 0.0640625 0.13333333333333333
1 0.046484375 0.8597222222222223 0.08046875 0.08055555555555556
1 0.0265625 0.7875 0.053125 0.13055555555555556
1 0.458984375 0.21041666666666667 0.08515625 0.16805555555555557
1 0.459765625 0.6875 0.09296875 0.1111111111111111
1 0.04296875 0.75 0.0578125 0.125
1 0.07421875 0.6173611111111111 0.028125 0.15416666666666667
1 0.67421875 0.9069444444444444 0.0640625 0.18611111111111112
1 0.0921875 0.22152777777777777 0.0421875 0.12916666666666668
1 0.0421875 0.4215277777777778 0.028125 0.11527777777777778
1 0.651953125 0.5201388888888889 0.05859375 0.1875
0 0.40546875 0.50625 0.1609375 0.2902777777777778
1 0.630078125 0.5673611111111111 0.06953125 0.18472222222222223
1 0.6609375 0.21041666666666667 0.0640625 0.15694444444444444
0 0.04296875 0.50625 0.0859375 0.22361111111111112
1 0.584375 0.9493055555555555 0.125 0.10138888888888889
1 0.03203125 0.6402777777777777 0.034375 0.14166666666666666
1 0.04140625 0.2777777777777778 0.0359375 0.125
1 0.6109375 0.19791666666666666 0.0984375 0.10138888888888889
1 0.6875 0.5805555555555556 0.059375 0.20833333333333334
1 0.67421875 0.3819444444444444 0.0640625 0.2
1 0.57265625 0.3576388888888889 0.1046875 0.12361111111111112
1 0.6015625 0.2798611111111111 0.125 0.13472222222222222
1 0.562890625 0.46319444444444446 0.06953125 0.14583333333333334
1 0.558203125 0.1736111111111111 0.07734375 0.13055555555555556
