1 0.57578125 0.35208333333333336 0.109375 0.13194444444444445
1 0.041796875 0.28888888888888886 0.03203125 0.14444444444444443
1 0.608984375 0.1986111111111111 0.09765625 0.10277777777777777
1 0.03359375 0.6402777777777777 0.040625 0.14444444444444443
1 0.06953125 0.48055555555555557 0.05 0.075
1 0.071875 0.38055555555555554 0.059375 0.1361111111111111
0 0.0421875 0.4930555555555556 0.084375 0.19722222222222222
1 0.60078125 0.27847222222222223 0.121875 0.13194444444444445
1 0.316796875 0.6527777777777778 0.08828125 0.13333333333333333
1 0.46328125 0.6791666666666667 0.0890625 0.10277777777777777
1 0.691015625 0.7604166666666666 0.03984375 0.17916666666666667
1 0.6515625 0.5354166666666667 0.059375 0.22083333333333333
1 0.583203125 0.9493055555555555 0.12109375 0.09583333333333334
1 0.087890625 0.26666666666666666 0.07421875 0.1
1 0.66796875 0.21319444444444444 0.0375 0.1763888888888889
1 0.058984375 0.6354166666666666 0.03984375 0.1486111111111111
1 0.68515625 0.5826388888888889 0.053125 0.2263888888888889
1 0.37421875 0.17847222222222223 0.1 0.12083333333333333
1 0.608984375 0.6347222222222222 0.11796875 0.17777777777777778
0 0.4046875 0.5055555555555555 0.159375 0.28888888888888886
1 0.458984375 0.20902777777777778 0.08359375 0.1763888888888889
1 0.603515625 0.15069444444444444 0.10546875 0.09583333333333334
1 0.678515625 0.3784722222222222 0.05546875 0.20416666666666666
1 0.049609375 0.7645833333333333 0.05546875 0.10694444444444444
1 0.555078125 0.4409722222222222 0.07109375 0.1736111111111111
1 0.0546875 0.825 0.0609375 0.06111111111111111
1 0.555078125 0.17152777777777778 0.07109375 0.12638888888888888
1 0.6765625 0.9083333333333333 0.075 0.18055555555555555
1 0.619140625 0.5631944444444444 0.07890625 0.18472222222222223
1 0.438671875 0.8375 0.13203125 0.11666666666666667
1 0.097265625 0.2048611111111111 0.05390625 0.12361111111111112
1 0.57109375 0.8444444444444444 0.0859375 0.1638888888888889
1 0.0671875 0.5986111111111111 0.0421875 0.13055555555555556
