0 0.042578125 0.5097222222222222 0.08515625 0.2222222222222222
1 0.061328125 0.21805555555555556 0.06796875 0.10277777777777777
1 0.60078125 0.16180555555555556 0.10625 0.0875
1 0.659375 0.21597222222222223 0.059375 0.15416666666666667
1 0.09609375 0.22569444444444445 0.053125 0.1597222222222222
1 0.673046875 0.3819444444444444 0.06484375 0.2
1 0.690234375 0.7736111111111111 0.04765625 0.20555555555555555
1 0.37265625 0.17569444444444443 0.1046875 0.12638888888888888
1 0.06015625 0.6381944444444444 0.0609375 0.15416666666666667
1 0.61953125 0.3597222222222222 0.0625 0.11944444444444445
1 0.6078125 0.19583333333333333 0.0984375 0.10277777777777777
0 0.391015625 0.5180555555555556 0.18359375 0.3
1 0.40859375 0.7590277777777777 0.075 0.19305555555555556
1 0.612890625 0.5652777777777778 0.08515625 0.16944444444444445
1 0.608203125 0.6333333333333333 0.12109375 0.16111111111111112
1 0.439453125 0.8555555555555555 0.11796875 0.11388888888888889
1 0.069140625 0.41597222222222224 0.03671875 0.1597222222222222
1 0.072265625 0.7451388888888889 0.05390625 0.12083333333333333
1 0.647265625 0.5326388888888889 0.05234375 0.19305555555555556
1 0.60078125 0.27847222222222223 0.1203125 0.11527777777777778
1 0.6796875 0.5881944444444445 0.0609375 0.20972222222222223
