1 0.555078125 0.17083333333333334 0.07265625 0.125
1 0.057421875 0.6402777777777777 0.05703125 0.16111111111111112
1 0.59609375 0.2777777777777778 0.109375 0.10833333333333334
1 0.6828125 0.5881944444444445 0.0484375 0.20416666666666666
1 0.4375 0.8534722222222222 0.1140625 0.1125
1 0.31484375 0.65625 0.0921875 0.11527777777777778
1 0.42734375 0.7430555555555556 0.0828125 0.125
1 0.61171875 0.6506944444444445 0.1046875 0.1486111111111111
1 0.67265625 0.90625 0.0734375 0.1875
1 0.374609375 0.17708333333333334 0.10859375 0.12638888888888888
1 0.600390625 0.1527777777777778 0.10703125 0.08611111111111111
1 0.57109375 0.8416666666666667 0.0859375 0.18888888888888888
1 0.648046875 0.5298611111111111 0.05390625 0.19027777777777777
1 0.668359375 0.21319444444444444 0.03984375 0.15416666666666667
1 0.623828125 0.36041666666666666 0.06171875 0.12916666666666668
1 0.55625 0.4465277777777778 0.071875 0.1875
1 0.066015625 0.8347222222222223 0.06015625 0.06388888888888888
1 0.096875 0.225 0.04375 0.1527777777777778
1 0.461328125 0.21388888888888888 0.09140625 0.18055555555555555
1 0.044140625 0.43819444444444444 0.04453125 0.1486111111111111
1 0.04453125 0.2951388888888889 0.0234375 0.004166666666666667
1 0.0734375 0.575 0.0625 0.09722222222222222
0 0.58984375 0.45694444444444443 0.015625 0.03333333333333333
1 0.051171875 0.24305555555555555 0.05390625 0.07777777777777778
1 0.6765625 0.38263888888888886 0.05625 0.2013888888888889
1 0.57734375 0.9541666666666667 0.128125 0.09166666666666666
1 0.692578125 0.7645833333333333 0.05234375 0.1736111111111111
