1 0.608984375 0.19583333333333333 0.09765625 0.1
1 0.09765625 0.22777777777777777 0.0484375 0.1638888888888889
1 0.684375 0.5805555555555556 0.053125 0.225
0 0.0453125 0.5027777777777778 0.0890625 0.21666666666666667
1 0.063671875 0.4215277777777778 0.05234375 0.16527777777777777
1 0.665625 0.21944444444444444 0.046875 0.16111111111111112
0 0.403515625 0.5125 0.15703125 0.2916666666666667
1 0.6 0.28125 0.1203125 0.11805555555555555
1 0.373046875 0.17708333333333334 0.10078125 0.12916666666666668
1 0.673046875 0.38680555555555557 0.06484375 0.20972222222222223
1 0.0640625 0.6263888888888889 0.053125 0.17777777777777778
1 0.691796875 0.775 0.04609375 0.19722222222222222
1 0.43515625 0.8416666666666667 0.1203125 0.13055555555555556
1 0.06171875 0.21319444444444444 0.0671875 0.11527777777777778
1 0.60078125 0.1597222222222222 0.1046875 0.08611111111111111
1 0.61484375 0.375 0.0671875 0.1527777777777778
1 0.608203125 0.6340277777777777 0.11953125 0.1625
1 0.05859375 0.7618055555555555 0.0609375 0.07916666666666666
