1 0.600390625 0.2861111111111111 0.11953125 0.1361111111111111
1 0.433984375 0.8347222222222223 0.11953125 0.1111111111111111
1 0.609375 0.6423611111111112 0.1140625 0.1736111111111111
1 0.047265625 0.7701388888888889 0.04609375 0.13472222222222222
1 0.03203125 0.6458333333333334 0.03125 0.14166666666666666
1 0.6078125 0.19305555555555556 0.0984375 0.10555555555555556
1 0.316015625 0.6618055555555555 0.09140625 0.11527777777777778
1 0.019140625 0.7736111111111111 0.03828125 0.10555555555555556
1 0.5796875 0.34097222222222223 0.103125 0.12916666666666668
1 0.0921875 0.22152777777777777 0.040625 0.13472222222222222
1 0.373046875 0.17777777777777778 0.10234375 0.11666666666666667
1 0.615625 0.5631944444444444 0.0890625 0.18194444444444444
1 0.569921875 0.8263888888888888 0.08671875 0.175
0 0.0453125 0.49375 0.090625 0.2013888888888889
1 0.076171875 0.43194444444444446 0.05546875 0.125
1 0.66171875 0.21736111111111112 0.0609375 0.1763888888888889
1 0.05546875 0.6486111111111111 0.0359375 0.1361111111111111
0 0.405078125 0.50625 0.16015625 0.2875
1 0.563671875 0.4388888888888889 0.08046875 0.18888888888888888
1 0.4578125 0.21388888888888888 0.0890625 0.1638888888888889
1 0.68515625 0.5875 0.05625 0.20833333333333334
1 0.07734375 0.5986111111111111 0.0328125 0.15833333333333333
1 0.04375 0.2875 0.0453125 0.1527777777777778
1 0.038671875 0.4284722222222222 0.03671875 0.12361111111111112
1 0.558203125 0.17569444444444443 0.08359375 0.13472222222222222
1 0.600390625 0.15694444444444444 0.11328125 0.08333333333333333
1 0.6484375 0.5375 0.0546875 0.19166666666666668
1 0.58046875 0.9541666666666667 0.1140625 0.09166666666666666
1 0.671875 0.38958333333333334 0.0640625 0.20972222222222223
1 0.69296875 0.7673611111111112 0.0453125 0.18472222222222223
1 0.67109375 0.9076388888888889 0.0671875 0.18472222222222223
