1 0.371484375 0.17847222222222223 0.10234375 0.12916666666666668
1 0.608203125 0.6423611111111112 0.11796875 0.1736111111111111
1 0.693359375 0.7701388888888889 0.04921875 0.1736111111111111
0 0.39140625 0.5236111111111111 0.1890625 0.32222222222222224
1 0.689453125 0.5861111111111111 0.05078125 0.2222222222222222
1 0.45859375 0.2222222222222222 0.0875 0.17777777777777778
1 0.55859375 0.44930555555555557 0.075 0.19583333333333333
1 0.603125 0.15138888888888888 0.109375 0.08333333333333333
1 0.04375 0.42777777777777776 0.0359375 0.14166666666666666
1 0.67421875 0.38680555555555557 0.0671875 0.2125
1 0.590625 0.3451388888888889 0.103125 0.13194444444444445
1 0.571484375 0.8381944444444445 0.08828125 0.19305555555555556
1 0.671875 0.9055555555555556 0.0640625 0.18888888888888888
1 0.43828125 0.8458333333333333 0.1390625 0.10277777777777777
1 0.667578125 0.21319444444444444 0.04765625 0.15694444444444444
1 0.084765625 0.28680555555555554 0.06015625 0.12638888888888888
