1 0.07421875 0.5979166666666667 0.053125 0.1375
1 0.66484375 0.21458333333333332 0.0609375 0.16805555555555557
1 0.041796875 0.28680555555555554 0.03671875 0.13194444444444445
1 0.36953125 0.18194444444444444 0.1109375 0.13055555555555556
1 0.669921875 0.9055555555555556 0.06328125 0.18611111111111112
1 0.058984375 0.6465277777777778 0.04296875 0.14583333333333334
1 0.691796875 0.76875 0.04609375 0.19027777777777777
1 0.580859375 0.9520833333333333 0.11328125 0.09305555555555556
1 0.686328125 0.5861111111111111 0.06171875 0.21666666666666667
1 0.437890625 0.8361111111111111 0.13671875 0.13055555555555556
1 0.57578125 0.3527777777777778 0.096875 0.14166666666666666
1 0.60703125 0.6388888888888888 0.11875 0.17777777777777778
1 0.676953125 0.3819444444444444 0.06796875 0.225
