1 0.0421875 0.4326388888888889 0.025 0.14305555555555555
1 0.419921875 0.7340277777777777 0.07265625 0.19027777777777777
1 0.096484375 0.22777777777777777 0.04921875 0.15555555555555556
1 0.659375 0.21875 0.059375 0.1597222222222222
1 0.601953125 0.1597222222222222 0.10703125 0.08333333333333333
0 0.390234375 0.5180555555555556 0.18828125 0.29444444444444445
1 0.375390625 0.175 0.10859375 0.125
1 0.06640625 0.7645833333333333 0.0625 0.0763888888888889
1 0.671875 0.3840277777777778 0.0671875 0.2125
1 0.615234375 0.5680555555555555 0.08984375 0.175
1 0.062109375 0.21666666666666667 0.06640625 0.10833333333333334
1 0.650390625 0.5333333333333333 0.05390625 0.20555555555555555
1 0.608984375 0.19583333333333333 0.09921875 0.10555555555555556
0 0.04296875 0.5069444444444444 0.0859375 0.2222222222222222
1 0.062109375 0.6243055555555556 0.05234375 0.1736111111111111
1 0.690625 0.7729166666666667 0.0453125 0.20416666666666666
1 0.683984375 0.5819444444444445 0.05390625 0.2222222222222222
1 0.61953125 0.3659722222222222 0.0609375 0.14027777777777778
1 0.600390625 0.2791666666666667 0.12109375 0.11944444444444445
1 0.067578125 0.4111111111111111 0.04453125 0.16666666666666666
1 0.607421875 0.6347222222222222 0.12109375 0.16111111111111112
1 0.44296875 0.8576388888888888 0.1125 0.11805555555555555
