1 0.610546875 0.19375 0.09765625 0.10416666666666667
1 0.074609375 0.6118055555555556 0.04296875 0.15138888888888888
1 0.69296875 0.7590277777777777 0.05 0.1736111111111111
1 0.0953125 0.21944444444444444 0.0515625 0.1361111111111111
1 0.45859375 0.21458333333333332 0.090625 0.19027777777777777
1 0.55625 0.17152777777777778 0.0734375 0.13194444444444445
0 0.034375 0.49027777777777776 0.0671875 0.2
1 0.6609375 0.2125 0.0578125 0.15555555555555556
1 0.601171875 0.2881944444444444 0.12109375 0.12638888888888888
0 0.405078125 0.5076388888888889 0.15703125 0.2875
1 0.675390625 0.9055555555555556 0.07109375 0.18888888888888888
1 0.0453125 0.27847222222222223 0.04375 0.15416666666666667
1 0.575390625 0.34305555555555556 0.10703125 0.1
1 0.6796875 0.38263888888888886 0.0578125 0.20972222222222223
1 0.5640625 0.45694444444444443 0.06875 0.15555555555555556
1 0.057421875 0.6472222222222223 0.03359375 0.1388888888888889
1 0.615234375 0.5708333333333333 0.10078125 0.18333333333333332
1 0.042578125 0.42430555555555555 0.03359375 0.12916666666666668
1 0.430078125 0.8298611111111112 0.11953125 0.10416666666666667
1 0.375390625 0.17430555555555555 0.10703125 0.12083333333333333
1 0.062109375 0.41597222222222224 0.03046875 0.1375
1 0.648828125 0.5236111111111111 0.06015625 0.2
1 0.0375 0.6479166666666667 0.03125 0.14305555555555555
1 0.60859375 0.6368055555555555 0.1171875 0.1597222222222222
1 0.585546875 0.9506944444444444 0.11484375 0.09861111111111111
1 0.603125 0.15486111111111112 0.1015625 0.0875
1 0.686328125 0.5840277777777778 0.05078125 0.20416666666666666
